dx = 1: 1005.8979333333336
dx = 2: 1226.4346666666665
